NA
6.779385e-06
6.331935e-06
6.647033e-06
6.355514e-06
5.81251e-06
5.329183e-06
5.113389e-06
4.702708e-06
4.347745e-06
4.041636e-06
3.917283e-06
3.718836e-06
3.454087e-06
3.330502e-06
3.304835e-06
3.176341e-06
2.982852e-06
2.856149e-06
2.72638e-06
2.742125e-06
2.617236e-06
1.129579e-05
1.028454e-05
9.42023e-06
8.983958e-06
8.164267e-06
7.471816e-06
7.532152e-06
6.958827e-06
6.424698e-06
5.959883e-06
5.469116e-06
5.718431e-06
6.217458e-06
5.702534e-06
5.696215e-06
5.959488e-06
7.772751e-06
8.009852e-06
1.047365e-05
9.701605e-06
8.844883e-06
8.253299e-06
7.563698e-06
7.64899e-06
7.333823e-06
7.830873e-06
7.13277e-06
6.506798e-06
5.947044e-06
5.446503e-06
6.922469e-06
8.398591e-06
7.74247e-06
7.056759e-06
6.588197e-06
6.024603e-06
6.271162e-06
5.878275e-06
5.446591e-06
5.014379e-06
4.620121e-06
5.747227e-06
7.020528e-06
7.238906e-06
6.601706e-06
6.323117e-06
6.246881e-06
5.865504e-06
5.439107e-06
5.002405e-06
4.613819e-06
4.259654e-06
3.937612e-06
3.818394e-06
3.644868e-06
4.407567e-06
4.102891e-06
5.455413e-06
5.015063e-06
5.417448e-06
5.304202e-06
4.871684e-06
4.485084e-06
5.741485e-06
5.304521e-06
5.038932e-06
4.640403e-06
4.323569e-06
4.034685e-06
4.13595e-06
3.934532e-06
3.652886e-06
3.684868e-06
3.649541e-06
3.519471e-06
3.276756e-06
3.084358e-06
3.100621e-06
2.905304e-06
2.79976e-06
2.710575e-06
2.584468e-06
2.439634e-06
2.310121e-06
2.194308e-06
2.365061e-06
4.488143e-06
4.649699e-06
4.642824e-06
5.960749e-06
5.535113e-06
5.489209e-06
5.046499e-06
5.04787e-06
4.82331e-06
4.441834e-06
4.10052e-06
4.356768e-06
4.151769e-06
4.661144e-06
4.43873e-06
4.58682e-06
4.55384e-06
4.202436e-06
5.040124e-06
4.814166e-06
4.440463e-06
4.128836e-06
4.214513e-06
3.985867e-06
3.72398e-06
3.461712e-06
3.338952e-06
3.262828e-06
8.573251e-06
7.84382e-06
7.522813e-06
7.342604e-06
6.843016e-06
6.261955e-06
6.242874e-06
5.713159e-06
5.372854e-06
5.033831e-06
4.899997e-06
4.547441e-06
4.283966e-06
4.056773e-06
4.437634e-06
4.350978e-06
4.048102e-06
3.84031e-06
3.562818e-06
3.47819e-06
3.961212e-06
3.915824e-06
3.67852e-06
4.108126e-06
3.829477e-06
3.798668e-06
3.531468e-06
4.915743e-06
5.352163e-06
7.394668e-06
6.787772e-06
6.200855e-06
5.808688e-06
5.365545e-06
4.973231e-06
5.568889e-06
5.129866e-06
4.716294e-06
4.446052e-06
4.104313e-06
3.80283e-06
3.543353e-06
3.560993e-06
3.316408e-06
3.308143e-06
3.189277e-06
3.878882e-06
3.78723e-06
3.55977e-06
3.37089e-06
3.345157e-06
3.179159e-06
3.033082e-06
2.847651e-06
2.689297e-06
2.555087e-06
2.793509e-06
2.67942e-06
2.614032e-06
2.709221e-06
2.658309e-06
2.859597e-06
2.767658e-06
3.890686e-06
3.77529e-06
3.504824e-06
3.262631e-06
3.079894e-06
2.891986e-06
2.818263e-06
2.860309e-06
2.712244e-06
2.79588e-06
4.150546e-06
3.840046e-06
3.562392e-06
3.314109e-06
3.09209e-06
2.893558e-06
2.716048e-06
2.610444e-06
3.522937e-06
3.57613e-06
3.360515e-06
3.186977e-06
7.693779e-06
7.289803e-06
6.649835e-06
6.235045e-06
5.710301e-06
5.262896e-06
5.030173e-06
4.626709e-06
4.647526e-06
4.415619e-06
4.088492e-06
3.878418e-06
3.775211e-06
3.506164e-06
3.339063e-06
3.118643e-06
2.942312e-06
2.955272e-06
2.800917e-06
2.828608e-06
3.107297e-06
3.032455e-06
2.843351e-06
2.680686e-06
2.625784e-06
2.477639e-06
2.345165e-06
2.277589e-06
3.365309e-06
3.137896e-06
3.258524e-06
3.042929e-06
2.849684e-06
2.89012e-06
3.79108e-06
5.998538e-06
5.657181e-06
5.202032e-06
4.78344e-06
4.406077e-06
4.068567e-06
3.885911e-06
3.604796e-06
3.38682e-06
3.166709e-06
2.960305e-06
2.777476e-06
2.621827e-06
2.473389e-06
2.386367e-06
2.938156e-06
3.393779e-06
3.306254e-06
3.80548e-06
3.592452e-06
3.344661e-06
3.128997e-06
3.450287e-06
3.218779e-06
3.117074e-06
2.91592e-06
2.869367e-06
2.731307e-06
2.580633e-06
2.580646e-06
2.484946e-06
2.408106e-06
7.150918e-06
6.636092e-06
6.063207e-06
5.550378e-06
5.091798e-06
4.681728e-06
4.315037e-06
3.987137e-06
3.748459e-06
3.517158e-06
3.462706e-06
3.229258e-06
3.032159e-06
3.56618e-06
3.325436e-06
3.107168e-06
3.279432e-06
3.06287e-06
3.218575e-06
3.497527e-06
3.543289e-06
3.457187e-06
3.242751e-06
3.223927e-06
3.016424e-06
2.82698e-06
2.657288e-06
2.510415e-06
2.373768e-06
2.283165e-06
2.860877e-06
4.121768e-06
3.870989e-06
4.345521e-06
4.071405e-06
4.261668e-06
4.01041e-06
3.969412e-06
3.75647e-06
3.54209e-06
3.299093e-06
3.146964e-06
3.078603e-06
3.476944e-06
3.367871e-06
4.318982e-06
3.99145e-06
3.697779e-06
3.453538e-06
3.218954e-06
3.047354e-06
2.905877e-06
2.763671e-06
2.615768e-06
2.672288e-06
2.624704e-06
2.598195e-06
4.406316e-06
5.501674e-06
7.125238e-06
1.197953e-05
1.769081e-05
1.597034e-05
1.444748e-05
2.158415e-05
1.996563e-05
1.798217e-05
1.62085e-05
1.462246e-05
1.738207e-05
1.593992e-05
2.255036e-05
2.033836e-05
1.87967e-05
2.573851e-05
2.315202e-05
2.08465e-05
2.342924e-05
2.170148e-05
2.315473e-05
2.152909e-05
2.306808e-05
2.078836e-05
2.167426e-05
2.37281e-05
2.447832e-05
2.34057e-05
2.14633e-05
2.068327e-05
1.862389e-05
1.685653e-05
1.559783e-05
1.452248e-05
1.327481e-05
1.25414e-05
1.527457e-05
1.414106e-05
1.41657e-05
1.29843e-05
1.207096e-05
1.246448e-05
1.148369e-05
1.039764e-05
9.631465e-06
8.749879e-06
8.528527e-06
7.859668e-06
7.161841e-06
6.5399e-06
6.699997e-06
6.411557e-06
5.944927e-06
5.515505e-06
6.099743e-06
5.651133e-06
5.249979e-06
7.445519e-06
6.796704e-06
6.614005e-06
6.044854e-06
5.768665e-06
5.542661e-06
5.549626e-06
5.091145e-06
4.946095e-06
4.59235e-06
4.448756e-06
4.126593e-06
4.942919e-06
5.140837e-06
4.809954e-06
4.55369e-06
4.488722e-06
4.343826e-06
4.020632e-06
5.417259e-06
5.873302e-06
5.388332e-06
6.574051e-06
6.499205e-06
6.034306e-06
5.572533e-06
6.935166e-06
8.172375e-06
7.43643e-06
6.98572e-06
6.578754e-06
7.07479e-06
8.761179e-06
7.983105e-06
8.08554e-06
7.933882e-06
7.34481e-06
1.220668e-05
1.129795e-05
1.037256e-05
1.130548e-05
1.024962e-05
9.301299e-06
1.091424e-05
1.176963e-05
1.098297e-05
1.108794e-05
1.032886e-05
1.100454e-05
1.148938e-05
1.467668e-05
1.349447e-05
1.463352e-05
1.411865e-05
2.361916e-05
2.13141e-05
1.920585e-05
1.730274e-05
1.560095e-05
1.407918e-05
1.271839e-05
1.648385e-05
1.498149e-05
1.353212e-05
1.288081e-05
1.169121e-05
1.063461e-05
1.095947e-05
1.031503e-05
1.05856e-05
1.048307e-05
9.560938e-06
2.488757e-05
2.71554e-05
2.555155e-05
2.800456e-05
2.685209e-05
2.45667e-05
2.229738e-05
2.00675e-05
2.699702e-05
2.507854e-05
2.267296e-05
2.574815e-05
4.535745e-05
4.198082e-05
4.252074e-05
4.414588e-05
4.183953e-05
4.101837e-05
3.790472e-05
3.466084e-05
3.118906e-05
3.121103e-05
3.242268e-05
3.738827e-05
3.722547e-05
3.439471e-05
3.696686e-05
3.510156e-05
3.250075e-05
2.924236e-05
2.642524e-05
2.459198e-05
2.426442e-05
2.191085e-05
2.058805e-05
1.853989e-05
1.678162e-05
1.567311e-05
1.494548e-05
1.349959e-05
1.22472e-05
1.250415e-05
1.186069e-05
1.113828e-05
1.793236e-05
1.665617e-05
1.627686e-05
1.478845e-05
1.682496e-05
2.374077e-05
2.145228e-05
1.940588e-05
1.965534e-05
2.017084e-05
2.806119e-05
2.591125e-05
2.410243e-05
2.182687e-05
1.975154e-05
1.77907e-05
1.603729e-05
1.446936e-05
1.30673e-05
1.486658e-05
1.345197e-05
1.250593e-05
1.169343e-05
1.481341e-05
1.403215e-05
1.267756e-05
1.14727e-05
1.061154e-05
1.162634e-05
1.068599e-05
9.745805e-06
1.007179e-05
9.25523e-06
8.499291e-06
7.757247e-06
7.872525e-06
7.685885e-06
1.106347e-05
1.018676e-05
9.524402e-06
1.695198e-05
1.932947e-05
1.751464e-05
1.69168e-05
1.701586e-05
1.556138e-05
1.437159e-05
1.970723e-05
2.38251e-05
2.238454e-05
2.211394e-05
1.99329e-05
1.812074e-05
1.651893e-05
1.496723e-05
1.352713e-05
1.93232e-05
2.188161e-05
2.016787e-05
1.838486e-05
1.691893e-05
1.574778e-05
1.422126e-05
1.303247e-05
1.17827e-05
1.066486e-05
9.683202e-06
8.787435e-06
8.047098e-06
7.389299e-06
7.081387e-06
6.51342e-06
5.956131e-06
5.62693e-06
5.178202e-06
4.930968e-06
4.834296e-06
5.160634e-06
4.770122e-06
6.815739e-06
6.287351e-06
5.781784e-06
5.522161e-06
5.120456e-06
4.707355e-06
4.337953e-06
4.098205e-06
3.794148e-06
3.532001e-06
3.393597e-06
3.428341e-06
3.657909e-06
3.564442e-06
3.371188e-06
4.115215e-06
4.765789e-06
6.89982e-06
7.858109e-06
8.673105e-06
8.228359e-06
7.646723e-06
7.604727e-06
7.300371e-06
7.120326e-06
8.160566e-06
7.908519e-06
7.401791e-06
7.620305e-06
7.285064e-06
6.80676e-06
6.767409e-06
6.648876e-06
6.54073e-06
6.355758e-06
6.002313e-06
6.057505e-06
5.58875e-06
1.055971e-05
9.588773e-06
8.703064e-06
7.91098e-06
1.30628e-05
1.230397e-05
1.212844e-05
1.107896e-05
1.003561e-05
9.317422e-06
8.531487e-06
7.778151e-06
8.552422e-06
7.980979e-06
8.123111e-06
1.061338e-05
1.003881e-05
9.268225e-06
1.005294e-05
9.214586e-06
1.21945e-05
1.527491e-05
1.395893e-05
1.261147e-05
1.597643e-05
1.487505e-05
1.431756e-05
1.394043e-05
1.266082e-05
1.354881e-05
1.260392e-05
1.263962e-05
1.148895e-05
1.099494e-05
1.115615e-05
1.02001e-05
9.35833e-06
9.18713e-06
9.143058e-06
9.204002e-06
8.828055e-06
8.116127e-06
7.587507e-06
6.98379e-06
6.443811e-06
6.311514e-06
5.776171e-06
5.473796e-06
5.024979e-06
4.802019e-06
4.453407e-06
5.214472e-06
4.801081e-06
7.250099e-06
6.945152e-06
6.604761e-06
6.370313e-06
1.078184e-05
9.783837e-06
9.619379e-06
8.812182e-06
8.019836e-06
7.787015e-06
7.131701e-06
6.652646e-06
6.714828e-06
6.255591e-06
6.002209e-06
5.497486e-06
5.044914e-06
4.789172e-06
4.452574e-06
4.110124e-06
3.8039e-06
3.530069e-06
3.285205e-06
3.066244e-06
2.872836e-06
2.729616e-06
2.581509e-06
2.451893e-06
2.372958e-06
2.250498e-06
2.192788e-06
2.109613e-06
2.028899e-06
1.942983e-06
1.942398e-06
1.958403e-06
1.88351e-06
1.820104e-06
1.779964e-06
1.738212e-06
1.684234e-06
1.638343e-06
1.990947e-06
3.508476e-06
3.410288e-06
3.180496e-06
2.99302e-06
2.855301e-06
4.847318e-06
4.531952e-06
4.223188e-06
5.38695e-06
8.253847e-06
9.367442e-06
9.183428e-06
8.406916e-06
7.673801e-06
7.369572e-06
6.829635e-06
6.298233e-06
5.772264e-06
5.31523e-06
4.888449e-06
4.819383e-06
4.511039e-06
4.453773e-06
4.358599e-06
4.027805e-06
3.745737e-06
1.050796e-05
9.669515e-06
9.017567e-06
8.193952e-06
7.536026e-06
6.87912e-06
6.35557e-06
6.04919e-06
5.550469e-06
7.104272e-06
6.557579e-06
9.168492e-06
8.414373e-06
7.798905e-06
7.43614e-06
6.918059e-06
6.628772e-06
6.078389e-06
5.592846e-06
5.130204e-06
5.465195e-06
5.141946e-06
4.726589e-06
4.370512e-06
4.038809e-06
4.425159e-06
4.422868e-06
4.291854e-06
4.057907e-06
3.778208e-06
3.538799e-06
3.408506e-06
3.449027e-06
3.463199e-06
3.291001e-06
3.164882e-06
2.979566e-06
2.801195e-06
2.655551e-06
2.503215e-06
2.366976e-06
2.245149e-06
2.136209e-06
2.038793e-06
1.960718e-06
1.885216e-06
1.862327e-06
1.805417e-06
1.743062e-06
1.687661e-06
1.637712e-06
1.593046e-06
1.558017e-06
1.534197e-06
1.508717e-06
1.480136e-06
1.498262e-06
1.552084e-06
1.537428e-06
1.507739e-06
1.563089e-06
1.581813e-06
1.55057e-06
1.528478e-06
1.497055e-06
1.467269e-06
1.440633e-06
2.903967e-06
3.317992e-06
3.188516e-06
3.129422e-06
2.928023e-06
2.805782e-06
2.824078e-06
2.656329e-06
2.505582e-06
2.37046e-06
2.248265e-06
2.158519e-06
2.060787e-06
1.981904e-06
1.918088e-06
1.843763e-06
1.778363e-06
1.718819e-06
1.666163e-06
1.619297e-06
1.583996e-06
1.544995e-06
1.539829e-06
1.509287e-06
1.47819e-06
1.450651e-06
1.785073e-06
1.841028e-06
1.775108e-06
1.715891e-06
1.662938e-06
3.504026e-06
3.482587e-06
3.242746e-06
3.031141e-06
2.904144e-06
2.796906e-06
2.631288e-06
2.837174e-06
2.66698e-06
2.55923e-06
2.625346e-06
2.493463e-06
2.372433e-06
2.254341e-06
2.144698e-06
2.057765e-06
1.999745e-06
1.916782e-06
1.95851e-06
1.881577e-06
1.82338e-06
1.872266e-06
1.812462e-06
1.753079e-06
1.697555e-06
1.726534e-06
1.672455e-06
1.634592e-06
1.614482e-06
1.572525e-06
1.540176e-06
1.568219e-06
1.531307e-06
1.506747e-06
1.5069e-06
1.498969e-06
1.477058e-06
1.453651e-06
1.430463e-06
1.421761e-06
1.402747e-06
1.388955e-06
1.370737e-06
1.383776e-06
1.384136e-06
1.938846e-06
1.96446e-06
2.043151e-06
2.10038e-06
2.108592e-06
2.014919e-06
2.081393e-06
2.017859e-06
1.935367e-06
2.124653e-06
3.665962e-06
4.027869e-06
3.881813e-06
3.723853e-06
5.164944e-06
5.786012e-06
1.734814e-05
1.719887e-05
1.670556e-05
1.573452e-05
1.420152e-05
1.295783e-05
1.18369e-05
1.130859e-05
1.077658e-05
1.190267e-05
1.091134e-05
1.097372e-05
1.003389e-05
9.111023e-06
8.435513e-06
8.338481e-06
7.602793e-06
6.94493e-06
6.338846e-06
7.098896e-06
6.567514e-06
7.671947e-06
7.130227e-06
7.191133e-06
6.594575e-06
7.182807e-06
6.641954e-06
6.070848e-06
5.563504e-06
6.136789e-06
5.629936e-06
5.16294e-06
5.120091e-06
5.038318e-06
5.146239e-06
4.73057e-06
5.001907e-06
4.601507e-06
5.026063e-06
4.623396e-06
4.338732e-06
4.008343e-06
3.712886e-06
3.448683e-06
3.212428e-06
3.001166e-06
5.957688e-06
6.334703e-06
5.803303e-06
5.602764e-06
9.978235e-06
9.051258e-06
8.232377e-06
8.195759e-06
7.986363e-06
7.299379e-06
6.664207e-06
6.154745e-06
5.633644e-06
5.218928e-06
4.833819e-06
4.541208e-06
4.2347e-06
3.937884e-06
4.487862e-06
4.189035e-06
1.323174e-05
1.431975e-05
1.533097e-05
1.870803e-05
1.695269e-05
1.530026e-05
1.381463e-05
1.257936e-05
1.139045e-05
1.038968e-05
9.558682e-06
8.803603e-06
8.061511e-06
7.600195e-06
6.989399e-06
6.399215e-06
7.271307e-06
6.976436e-06
7.219614e-06
6.676244e-06
6.436239e-06
6.038186e-06
5.709517e-06
5.41912e-06
5.081554e-06
4.756774e-06
4.48883e-06
4.14421e-06
3.839772e-06
3.731641e-06
3.467844e-06
3.23912e-06
3.040981e-06
2.868182e-06
2.693351e-06
2.539802e-06
2.399692e-06
2.274421e-06
2.857177e-06
2.692988e-06
2.564354e-06
2.466117e-06
2.334213e-06
2.216262e-06
2.111183e-06
2.017467e-06
1.933418e-06
1.859821e-06
1.865482e-06
6.579468e-06
6.016303e-06
5.893485e-06
8.637955e-06
7.928256e-06
7.339677e-06
6.691818e-06
6.112492e-06
5.594449e-06
5.131207e-06
4.716968e-06
5.836074e-06
5.7901e-06
5.365979e-06
5.099396e-06
4.700588e-06
4.336136e-06
4.669285e-06
6.445476e-06
6.988824e-06
6.414888e-06
7.156771e-06
6.577229e-06
6.020531e-06
5.534001e-06
5.192759e-06
5.883804e-06
5.400359e-06
4.961395e-06
5.180457e-06
5.113591e-06
4.725492e-06
4.630252e-06
5.328811e-06
6.543119e-06
6.12874e-06
5.684618e-06
5.276604e-06
4.889172e-06
4.549814e-06
4.209402e-06
4.420814e-06
4.083086e-06
3.813746e-06
3.563108e-06
3.502948e-06
3.276012e-06
3.062862e-06
2.929789e-06
3.031415e-06
2.847393e-06
2.992656e-06
2.806308e-06
3.92115e-06
5.187256e-06
4.968869e-06
6.689636e-06
6.949098e-06
7.032085e-06
6.432636e-06
6.036263e-06
5.592038e-06
5.129648e-06
4.827173e-06
5.134645e-06
5.823779e-06
5.342283e-06
4.909459e-06
4.619798e-06
5.317665e-06
4.887981e-06
4.499472e-06
4.152061e-06
3.841401e-06
8.509507e-06
7.863207e-06
7.296868e-06
6.663257e-06
8.116166e-06
7.412058e-06
6.765539e-06
6.181288e-06
5.664963e-06
5.24379e-06
4.860043e-06
4.994806e-06
4.600513e-06
5.218004e-06
5.189663e-06
4.770623e-06
4.520916e-06
4.487087e-06
4.145351e-06
4.016565e-06
3.73365e-06
3.618671e-06
3.68121e-06
3.541116e-06
3.374238e-06
3.203343e-06
3.691705e-06
3.550757e-06
3.310559e-06
3.140725e-06
2.968672e-06
2.964799e-06
2.78016e-06
2.716357e-06
2.602217e-06
2.591538e-06
2.482317e-06
2.472512e-06
2.341603e-06
2.222529e-06
2.137051e-06
2.101381e-06
2.008268e-06
1.990311e-06
1.954697e-06
1.953586e-06
1.877569e-06
1.867329e-06
1.864298e-06
1.824441e-06
1.813736e-06
1.754823e-06
1.700223e-06
2.030692e-06
2.002453e-06
2.247245e-06
2.306361e-06
2.192335e-06
2.554822e-06
2.491988e-06
2.578029e-06
4.360436e-06
4.079556e-06
3.779459e-06
3.512599e-06
3.288232e-06
3.10359e-06
3.071623e-06
2.904088e-06
2.77005e-06
2.613876e-06
2.481339e-06
2.360836e-06
2.305548e-06
2.212442e-06
2.45323e-06
2.665038e-06
2.513408e-06
2.380511e-06
3.173355e-06
2.966296e-06
2.909417e-06
2.741038e-06
2.579658e-06
2.578951e-06
2.450336e-06
2.442467e-06
2.312724e-06
2.205855e-06
2.159669e-06
2.114396e-06
2.053058e-06
2.172124e-06
2.218899e-06
2.117782e-06
2.022385e-06
1.947067e-06
2.559419e-06
2.42642e-06
2.300041e-06
2.497648e-06
2.362277e-06
2.242689e-06
2.13401e-06
2.036827e-06
1.949924e-06
1.872214e-06
1.802725e-06
1.838501e-06
1.845978e-06
1.812847e-06
2.008102e-06
1.942058e-06
1.885298e-06
1.897318e-06
1.834389e-06
1.795377e-06
1.756575e-06
1.70106e-06
1.856959e-06
2.016532e-06
1.932898e-06
2.096611e-06
2.093887e-06
2.049902e-06
2.054323e-06
1.986869e-06
1.978816e-06
1.908085e-06
1.846579e-06
1.872775e-06
2.30916e-06
2.224386e-06
2.238248e-06
2.130056e-06
2.05119e-06
1.963886e-06
1.902603e-06
1.866934e-06
2.335686e-06
