RESI1
*
-0.0008367246523230953
-0.00126402051445762
-0.003113555628843967
-0.0017900998514899236
-0.00009188642843938055
0.00018376441453860082
0.0015759238862123048
0.00013758417497955477
0.00039735909558169524
0.0005346572592515031
-0.0014059971139723793
-0.0009945606009884589
-0.000030617556109113764
0.0011322257092516441
0.0014974637600528862
-0.001023533724657355
-0.0003974745133583646
-0.000826029141548501
-0.000704193039219092
-0.0014098754902289734
0.0006438854106465275
-0.009996155657897798
-0.0007897732522537115
0.0010374167706763693
0.002210594746106631
-0.00015442822978739557
0.0006947393077307851
-0.002859242317303723
0.0010364538739056073
0.0009118095413553906
0.0009881423728939076
-0.00035500127710252904
-0.0028135936688618024
0.0033229040273599075
-0.0004012531498192029
-0.0023025995538943356
0.0028889921759778225
-0.005119372729780691
-0.0032460249200338964
0.006002297956414049
-0.001532045580112662
0.0006811989364232662
0.0015619083196025674
-0.0007883814628582009
-0.002927080664134829
-0.0020338621656406097
0.003599135129376041
-0.00013938037701732853
0
0
0
0.004666407305741194
-0.004852278033185886
0.001083759201911505
0.00023208138424668512
-0.0013003500392640976
-0.0002323834026738414
0.002924091786516758
-0.0012676036262722068
0.0008349439990271712
-0.00041738485808084924
0.0002937334312949069
0.004103234350034679
0.004454350349380354
-0.0030698412442886625
0
-0.0018156365099157856
0.002292079487936638
-0.0013069183960052744
0.0008612205256717242
-0.0003382481851410546
0.00036899234759557586
0.00024591927823647275
0
0.001382170226951862
0.0010737020741602432
0.0033975637586445284
-0.0006113216965051294
0.004332312966379037
0.000304386207567342
-0.003017512995699745
0.0019365223376830443
0.00001523333663411286
0.00004569861762471206
-0.004258930715694387
0.0006881523382014088
0.0013748856427944212
0.0002594885038258443
-0.00071757371568415
-0.0006722381198263072
-0.0021266349821607022
-0.0011033469306156451
-0.0002606902171591319
-0.0018113722255901354
-0.0015991884453150362
-0.001201071869925796
0.00010784744219427544
0.0005390628138701725
-0.001556372579920584
-0.00021592609242260252
-0.000910486864697635
-0.0009422232530318375
0.0006025073757682797
0
0
0
-0.0017621967090319934
-0.0050409195891392145
-0.002397522671640173
0.002008705061080418
0.00436163391009825
-0.0009297137151642598
-0.002157163314291388
0.0003262009271283173
-0.0021455565686538947
0.001430882414099166
-0.00004662693016888042
0
-0.0025210882038726456
-0.0012005271287622854
-0.003046758342946765
-0.0012683104206268059
-0.0023529791715382053
0.0019141764689949436
0.00014106472543207182
0.0036138680299082626
-0.0014220863305645093
0.00028145229569398467
0.0005782921786945394
-0.0021116028649317276
0.0010016120529998673
0.000594232831647501
0.00018757913549749539
0.0011403489453452043
-0.0012966624480237332
0.00790998004920529
0.0007441745432656965
0.002074561061108815
0.0023480353724374403
-0.0012969169166414662
-0.0004017677836283262
-0.0024140023792813547
0.0001549186680092074
0.0012384861092291644
-0.0010681032896007192
0.0017486174133309884
0.0006491499455161254
0.0010038068283255708
-0.0010501607093127419
0.0027774366700454856
-0.0016964055700654512
-0.0005712565483166898
-0.0010198091059683279
0.00004637752854974586
-0.001361302109858853
0.0028596842922179455
0.0016656645687000982
-0.0007399528617695328
-0.0027951743561613895
0.0005565690753115415
0.0016678510213352649
0.0002622788965380707
0.004294659834605863
-0.00306132891437616
-0.005298659928777205
0.000727717553849816
0.00017024042632174385
0.001237241110502607
-0.0006957597590400155
-0.0007271996173878748
0.003353089294301226
0.0004935149157088148
-0.00007709565261437845
-0.0010645274272533811
-0.000015436267510882118
-0.00021613276811272009
-0.0004015134020429745
0.0017284488392181885
-0.00020047033491699118
0.0015564445326357035
0.001077304381089883
-0.0031891073655909707
-0.0014670118061637094
0.0007106113100847633
0.0008181222236895991
-0.0015132800911334954
-0.000819361716719369
-0.0008355124188295093
-0.0002786593407613225
-0.0004026450738119358
-0.0004957858306811058
0.002074464711737223
-0.0007735507912380868
-0.0010065114391939467
-0.0016590823035438351
0.0011011935878699752
-0.0020016609601987145
-0.0009634660657340532
0.003817331575599381
0.0013774853015044997
-0.00006186874547609023
0
-0.0006188980717733994
-0.00032507488618405134
0.001083172252905884
-0.0015477483355936794
0.0005419844505711868
0.0016551045179091783
-0.004150668826039539
0
0
0
0
0
0.00001551963622015151
0.0007756748760001653
-0.0034641618524349216
0.0018345491067424113
-0.0006215040597816746
-0.000777423657285059
-0.007306139656012567
0.001784624528505585
-0.00017206184883811204
-0.0013462323187822811
0.00026625944791014433
-0.000563927456280755
0.0014874547698875418
0.00003129106953148053
0.0020786616532268987
-0.0012185407141189764
0.00035946767913075384
0.0010307991166991215
-0.0014215309624079353
-0.00014070084678219352
-0.0009228628170370179
0.00021906147891503913
-0.0005320897166178895
-0.001488223727512672
0.0005798873300393304
0.0014873616168964432
-0.002255392752072094
0.0011909800351559419
0.00018791988404265325
-0.00032888297543998135
0.0010645626905565475
0.00010952302732603059
0.00010951103334599921
-0.0007668291989939569
-0.0036858450542822663
0.0000157132643523461
0.0019151680840474583
-0.00007841845660805369
-0.00003136910457146591
-0.001554001866734156
-0.0034935357975107717
0.005298462952557426
-0.0013651665033962423
-0.0004083427623016167
0.00018848661015513635
0.0000314109812815655
0.000015705120654851967
0.00116149500587448
0.00012548625941932734
-0.0006275888244147154
-0.0003296418706415505
0.00001569969621129097
0.00014128617538267108
-0.00032969879958577586
-0.0000628120976307045
0.0007221010313298581
-0.002765644931994382
0.002687180943001799
-0.0012719751088787756
0.0028557550279966204
-0.0008307796482254215
-0.0002038815925509141
-0.00032943502192184226
-0.0024349067522280166
0.00023589542079127668
-0.001117063655047712
0.000015741957827719588
-0.0012286174875053568
-0.0006464175293869889
-0.0003312537986455144
-0.0012787220837977564
-0.0007427248861906488
-0.000806560065233386
0.00742419651815851
-0.0011313462654525264
0.00007860708253870641
0
0
0
0
0
0.0007857311632337716
-0.0006442539840527672
-0.0014628969536438774
0.000220357925120096
0.0004248389216343629
-0.0028672273723144848
-0.00029980039829768934
0.00023669199381504136
-0.002053194226879107
0.00014228011817452035
-0.0019937661872966306
0.002357278989320699
-0.0018030561934110345
-0.0013465028608046214
0.0005071315481113281
0.0014882133107847473
-0.0002373323851176945
-0.00011077439223883268
0.00009495023032557448
-0.0002532206514969104
-0.00006331518300206618
0.0006013324441800361
0.0027961882658960047
0.00403042250964436
0.0008009989355637348
-0.002924392443077961
-0.0008033457417606638
0.0023609416954004647
-0.000896501345815981
0.0016979534312393518
0.0009420631879011321
-0.0007849910129138493
-0.0001884895708017531
0.0008793141916312308
-0.0012406852057529338
-0.0025962801256316226
-0.0012139080654791634
0.003653029617787018
-0.00009430700079282595
0
-0.0004559425905774628
0.00015724506675995897
0.0006758721758663988
0.0007696234722367468
-0.0006439301950904586
0.00042409820865141334
0.0015221300201346821
-0.001098211594531051
-0.001177995188643255
0.004703677533934636
0.004027542558477926
0.004848946464613313
0.007875880414650593
0.00880590705073181
-0.0005032904625938972
0.0006557527284782871
0.00983032537352857
-0.0024636696937996305
-0.000015133286420443426
0
0
0.006877129069403853
0.001741925267394251
0.00961588942257885
0.0007130230994756293
-0.0023340702937875157
0.009981866864716915
0.00029468100994156643
-0.00041257773254921304
-0.007262647203899242
0.0026537995278443915
-0.006401851807248837
-0.002805343927418269
-0.0064612588083907685
0.0006014133394323107
0.005785127715238314
0.006910136509372666
-0.005954170612348486
-0.003964252171674509
0.002141152098587895
-0.0039264516103660885
-0.000015016029611736315
-0.0009164044538600979
0.0021169748689440215
0.002247191956904704
0.0013458952233551535
0.0024776871686005286
0.0066710991698122335
-0.002001112396517568
-0.003969586622464716
-0.0014609641979019816
0.00193755183947375
-0.004177863432893947
0.001538887075992923
-0.00004478848638056476
-0.0015240033429750888
0.0003139553162725406
0.00255283077228996
-0.001089007842563161
-0.00023884518467309768
0.0002836223065565413
0.0028615734323598208
-0.0018173427116801033
-0.0009696066394542235
-0.0008958567228487535
0.003429767752212154
0.0008779174577513427
-0.0008779174577513427
0.005448472099166768
0.00034047088932753766
-0.0021483876841346117
0.00014831294057593425
0.001629992210930853
0.001701246758186059
-0.002293663837123372
-0.000014814924555350828
0.001731858479717241
-0.0006805438695629551
-0.001555152681332439
-0.0004744325431103036
0.0035675465461944
-0.0025892759319059433
0.0009773145361204882
-0.0011847465288041814
0.0018061770225694662
-0.0015098587746051884
0.0002962304694698048
-0.004378323197733902
0.0031928744406977128
-0.0002965818958493571
0.004291852081540926
0.0023600571467647935
-0.001031839714190852
0.0007371369934254801
0.004543490711812259
0.0045667526673855985
0
0.0015322095265777325
-0.0015176059764545613
0.003469593544159988
0.005109531953583213
0.00047768281322602135
-0.003043701168519819
0.002551539555875504
-0.0011734795009832322
0.007897988599297134
0.0016956219665207328
-0.0012642589966560536
-0.004639710921150009
0.0003609978018337401
-0.00028878781516117336
0.005286025977246478
0.004614973865187055
-0.0019322571189797078
0.003589589764880996
0.001797099452461648
0.0043084208695425286
0.004148649145736316
0.006955913091374333
0.0016543992557194187
0.005253463152690374
0.0032000027306708922
-0.011090583416704991
-0.0008571569613762264
-0.0004499500912538146
0
0
0
0
0.007510088400910941
0.0011300303241446041
-0.000278901131357312
0.002715973674129568
0.0007091163456469651
0.0007641701831433423
0.0038674579155331124
-0.0020912831614754435
0.0037363045790335114
0.003171803966450115
0.000812017909011642
-0.013546101122563936
0.007349858372033946
0.0035927023955375503
0.007543990651983856
-0.004362805147589688
0.0021975012276722605
0.0015079857542696917
-0.0000547960218226784
-0.010050889363989235
0.0030258881402815963
-0.0011595324518809402
-0.0077786874570358044
-0.015854418377794666
-0.0038257219881441262
0.007411422570396953
0.008237775946782211
-0.005030029590623375
0.006273124637949934
-0.0035237891987420777
0.002685917344110722
0.0008657888295497962
0.006011874824434438
-0.007045322301371781
-0.009673848845334732
-0.006440083686552356
-0.0033282634162750124
-0.0082976155617549
0.004658004050692055
-0.003337227471874371
-0.0007606691384427489
-0.001293029316410399
0.003071802145590885
-0.004928064684948552
0.0009789244130820052
0.0031318714811710002
-0.00011475786103920527
0.000917694357492449
-0.002468215815514263
0.0030126986419360957
0.00027213028046957355
0.0007300890030761398
-0.004014917925481809
0.0024968801985871814
-0.0021377492915131135
-0.00942307310956303
0.002360489702696311
-0.003767847367502686
-0.0010895225337808068
-0.006269613013595299
-0.009847952007473237
0.0010334392297923767
-0.0010334392297923767
-0.004960584710418159
-0.00528373322273179
0.010583994357703297
-0.0027946815767219135
0.0030161475346184297
0.001283536244316208
0.0010904483707030455
0
0
0
0
-0.00587889433213773
0.0005776023738608416
-0.0019859802297605977
-0.0020791263281494388
0.0069185973647536425
0.0027275893977345422
-0.00011779603629968882
-0.0002945508121443563
-0.0015920753407088206
0.004768642028410541
0.0013499239049612477
0.0008354525487224151
0.003729028559866565
0.0011670314964224993
0.0010346009330814976
0.0005678467839920209
0.003023082355819051
0.0024205892253574834
0.0067811542496134525
-0.0013669558587408037
-0.0018014776985111336
-0.009697063252672722
0.006764531013202069
-0.0010711443450146518
0.003570838603409454
0.004463650319764811
-0.0015672068829111208
0.0019263119968357945
-0.008726751138237177
-0.00829216273049882
0.003281440943555536
0.004720929710728461
-0.0005798362125202239
-0.0013784599708761558
-0.0014530662248621873
0.0008720930785279801
-0.00040688212605033414
-0.00896421799554381
0.007116635692658857
0.0023125769347629443
-0.0015847748647910276
0.00199146787527682
-0.0023553026982825465
-0.0003494060133379939
0.001455053657177352
0.00005815813197718178
0.000014539004514535492
-0.0004508074619540281
0
0.0008287474030752584
0.0008571034787054899
-0.001976802294947566
-0.0007714308969468675
0.00018927398922330418
0.001396607634846836
-0.0004507746857291828
0.0013952882225287677
-0.0018317153461273605
0.0028333776084195073
0.0005512119549477834
0.0052358412327286885
-0.0008514876291083606
-0.0005921390110987801
-0.0015904001038953286
0.000781057939239993
0
0
-0.001012599719094176
0.00010130612548930884
0.0003472573935607848
0.0010988535437643776
0.0017325772082157354
0.0022910507784252854
0.0013663660390501597
-0.0007908264548177613
0.0033172765591285014
0.0032920191182637115
0.005330077605690153
-0.00420183647087824
0.004144980331110659
0.0019738576853329803
0.0013468015503785846
0.002688173661800297
-0.002050847577132364
0.0022910165442182606
0.00434133684414606
-0.0023374695577405014
-0.0015095833172689144
0.0031435706089240067
0.0019685045726720585
0.001361623489919861
-0.002500071528886094
0.002303662998512923
0.0022983683300974445
0.0020696124068648736
-0.001467864521063511
-0.0025213628709770397
-0.000701508271490292
0.007842848513603284
-0.0004457134971760368
-0.000027863690826412935
0
0.008144847684653955
-0.002365849869058634
0.0033603250891398595
0.0010900236331172763
-0.00002758088093512967
-0.0015595567396073928
0.0008973872828088592
0.00048287518614942293
-0.004077266282100478
0.0015222809471666654
-0.003116238109208025
-0.006038447243593037
-0.002179441472932142
-0.0013575644303820411
0.00430426758414959
0.001045318115769911
0.006581254749994603
-0.006929572726027011
0.0013925445427556138
-0.00008349801001239499
-0.007193019595464811
0.0022822269309603627
0.003169663276637147
-0.003379466691607602
-0.0008676547278725355
0.004874277288264839
0.0020181641562371233
-0.0037472792524539944
0.0008091518298618539
0.0025904585389315837
0.003679154474663937
-0.0010398974905010405
0.001109185555659531
0.0027952305582721326
0.0030078945355926923
0.003191155512034971
0.0023044961571148104
-0.0010281367642022143
-0.0015098486156988056
0.0008924587830196895
0.0008916630104818246
-0.002182552804947946
0.00020610482564342725
0.0014278263772842248
0.00013718362049108812
-0.0014276303764522158
0.0005905174065239382
-0.0035345688389181174
0.0003306058382042121
0.005658423052183004
0.0019428374265115789
0.0017344162985486467
0.0019493316423055962
-0.007490876517330491
0.0003978243177995555
-0.0028981347245147226
0.0009623978195214544
-0.00035735393538338656
0.002347950741916849
0.000671789659139721
-0.00128913714247747
0.0026861105943440933
-0.0011777112682331836
0.0017797252969229405
-0.0001367895494917004
0.00006839711366835033
-0.0013003458014069214
-0.000685072301918277
0
0
0
0
0
-0.0001644872114903162
0.0006029875473918533
0.000369835153621878
0.00041076759347458136
0.0007663150203272018
0
0.0007657282312534264
-0.00047851142846377925
0.000396497157934661
0.00004100797605710582
-0.0009299273138823061
0.001025606052089456
-0.00020503707825647588
0.00028704013975011655
-0.0005194663283918377
0.0004511309108017336
0.00012300038965618043
-0.00020500905528453295
-0.0021208915691375285
-0.004255325570138524
0.0012785000676074354
0.000164848751643909
0.0004806536982708831
0.0007548464932103371
-0.004951186018800513
-0.0008827830306532558
-0.0006902168935407627
-0.004095871116010397
-0.006119629668441595
-0.004586394302768637
0.002771131638553692
-0.0008669025557246357
0.000559377986281584
-0.0020712633710027184
-0.0011213906417639752
0.0008411608515037639
0.00036428341652339213
0.0005321756305136649
0.00027997872344598385
0.0019017792956426138
-0.0009084874310163471
0.001816150261702898
0.00167352385477737
-0.00013935340044834987
-0.00041817675546673705
-0.008920815673876037
0.0012792848996698858
0.0016564197054937946
-0.00014026819301449223
0.0009534359466529807
0.00036430893800498687
-0.0009250435149741332
0.0016392642395297585
-0.00037805331001883324
-0.0047729437139214514
-0.0009291587558895031
0.005996156283777365
0.0009935420588778054
0.0012859401014484462
-0.0019435265033127536
0.001258829454995336
0.0018852779385618579
0.0005021410842960261
-0.0005719028479016508
-0.00006976663064883759
0.002912102602069977
0.0011958231050832602
0.000013896512670363848
-0.00041697940725926586
-0.00015293602437860265
-0.002784741426432813
-0.0019539433990523047
0.0015355625269011242
0.0010177550319794282
0.00048759761625305487
-0.0005990818901180361
-0.0011434309749023264
0.0017564407325942888
0.0016838417827775842
0.0008616975974811147
-0.0010285635766762447
0.0004866146316764297
0.0003057508987880375
-0.0005003683371247458
-0.000013902695037648627
0
0
0
0
-0.0003198153441288376
-0.00019472029881550945
0.000736955572686826
0.00036132690749868246
0.000027788970559328163
0.00006946904809357335
-0.000013893423548072548
0.000013893423548072548
-0.0002362144560335011
0.0003751380760508294
-0.0003056574437489967
0.00016673382373166845
-0.000722714100754196
-0.0009737099114013326
-0.00048721072827340173
-0.0002228039891132294
0.0009883143086908408
0.0007927291854359364
0.00029189978314780873
0.00038906721626874585
0.00013891590053716207
0.000013890528743232267
0.00001389033579912713
0.004103081677133691
-0.0025901905873624287
0.001025797508822368
0.0013015246288496929
-0.00011070212836150617
-0.0008168068844394138
0.001453176830519043
0.00016594297131322655
0.00013826477726808228
0.00012442195648865173
0
-0.0004701197509224819
0.0001521217530127128
0.0003456452193655313
0.0004422516207356342
0.000013817212101363552
0.00011053082439627104
0.000013815494076752088
0.00008288895647545758
-0.00009670445055220966
0.00029008530092555773
0
0.0005799182753931653
0.00020703219424555996
0
0.00005520134692682532
-0.002016825979596515
0.0011470506167183814
0.000055246329585978415
0
0
-0.004623613541560934
0.0015805238427728519
0
0.0001800766023027922
0.0008583810354134691
0.0008991251427046265
0.00013825521935495466
-0.002006573930483979
-0.0001246787791406856
0.0007201518169615007
0.0015355142492885498
0.00044223328526138417
0.00040060505712546934
0.0002209548018323737
0.00005523107301574903
0.0003589276385203011
0.0005933285213215456
-0.000013794340182560205
-0.001145594074343892
0.00013809293676581014
-0.0003728947030012808
0.0011320651732251719
-0.0003312035137847946
0.00020701505073339455
0.00012418846305140008
0.0009515995173994263
0
-0.0003446778330451483
0.0005238633663602332
0.00005512755138603609
-0.0002480979172501119
0.0008405272391616148
0.00006886435790165457
-0.0003168153199817336
0.0005922253383847664
0.0005093086589327278
0.00030270925007891414
-0.00022014309389950526
0.00015135358289697365
0.0003989133104242981
-0.0001788035297829449
-0.0002613857587159263
0.00004127597807457306
0.0005776848752203634
0.0004536612602981105
-0.0025459138095222933
-0.0010753578668840635
0.0013371289564509947
0.0012803129566802962
-0.001073699962742758
-0.00009641408479521552
0.0013076845526385217
0.0005638412867436937
0.0001649665946388268
-0.0017335080353997334
-0.004305474042511248
0.0026517155001728465
0.0013094509758770911
-0.0011853241732930897
-0.004395186199661172
0.0034293491578600843
-0.011677363481216174
-0.004198746546349774
0.003681853203463481
0.0027490371268268365
-0.00018117583163967943
-0.0012133300420931192
0.001171515572886861
-0.0025959177743675177
-0.002462572952883102
0.004919096534186984
-0.0012554228936190182
-0.003509585039317642
-0.0010230323287547805
0.00033645489018119257
0.0013446886831227634
-0.0027473314917048075
-0.0004492615339224404
0.0004492615339224404
0.000014036171213538395
-0.003839208186419363
-0.0010149995232511255
0.0043487813858553714
-0.0012646845595483125
-0.002787948862980283
-0.0006347102055856979
0.003619492857127149
0.0010116765184409182
-0.00018258811682980713
-0.00026691953939250723
-0.0034200578011731597
0.0003946774972296563
0
-0.002059674848193138
-0.001936574283377901
-0.0024082742904605325
0.000042549268513436544
-0.002698366995943946
-0.000042664239551903904
-0.0029767649330416646
0.00007131802851456648
0.0009266718177936006
-0.000014249987531522734
0
0
0
0
0.005967198213542302
0.003153885213498686
-0.00033895432914987644
-0.0017955483719271914
0.007401749580651096
0
0.0003370597189373825
-0.0028263899404070703
0.002447189767329716
0.0005757658898413176
0.00030881093997603415
-0.0008705298144566775
0.00012641425969683873
0.0007721845483479317
0.0006593946435125009
-0.0010103137041239663
-0.000716256956193817
0.0005056463954018486
-0.0030799762761022365
0.0007321778392734846
0.010292118380163862
-0.005167825795042935
0.005209618128941829
0.0074251755042640255
-0.0010375956383466
0.00037365846667380964
0.00022136137334438644
0.0010507978734219936
0.00038685788981740465
0.0009250886052307727
-0.0012566719185755915
0.0012014667624000719
-0.0008284432645024875
0.0017251496532653121
-0.000855302235920341
-0.0004831551505146692
0.004010009714190188
0.0019784030853313705
-0.0031067452302806497
-0.0010193540382628097
0.0019551425082802165
-0.0013213678077423907
-0.0014334548711021355
0.0014472281220718752
0.001101245895587466
0.0009763409993055472
0.001098961592002956
0.000137285320296332
0.0002470660914359879
0.0013851842383798552
-0.0001644759389116679
0.0003289248299374048
-0.0004248816220382423
0.00047969190994301414
-0.000013702290337924694
0.00017811513135113088
0
0.000013699849986892332
0.002804513682125309
0.00032781959288818996
0.000559776650086441
0.0007095101948617621
0.00006819561232074278
0.00006819096199639496
-0.00009546864885012774
-0.00010911818874626
-0.00009548818341009735
0.00016368844668934734
-0.0009142701827453692
-0.0073581631103867284
0.0002200220030879052
0.0020877981321456573
-0.006055619936490286
0.0009244759087367882
-0.001172988287312604
0
0
0
0
0
0.004106329232586692
0.0022389657918147066
0.0008228985693334856
0.0013973753541056677
0.00036956685816580404
0.00021893815084728097
-0.0027401781819329507
-0.004923747036236437
0.0035233596415162882
0.0006455201811859101
-0.003824254254966908
-0.0007445400741028507
-0.00034488229509221924
0.0004965928316797985
0.0011439835301101375
0.0035476633655617817
-0.00034321565949446686
0.00020594353101177632
-0.002639285626255816
-0.0019978374894613626
-0.0005242319432485765
-0.0017678585898126542
0.003463720680113358
-0.004321152034418629
0.0012996890872034594
0.0009253441351941838
-0.0008562590292247041
-0.0006910659275469744
-0.0007468880015255586
0.00037351373097216367
0.002445140984908223
0.00012416961585448583
0.0006206169131117711
0.0005237767176946573
0.001459613048651276
-0.0004128819216373536
-0.0002340421148816496
-0.0008402493693160373
0.0017898451743731947
-0.00030267176853815414
0.001897064244292368
-0.0001373475444417238
0.00381125190576892
0.004192019465914187
0.0015113661675860701
-0.0048963879628241
-0.003081033555706769
0.0027938717380502354
0.0004238765625546037
-0.0013269223508753925
-0.0008627596517170044
0.0000821996630275823
-0.0011239806542766573
0.0027939100019287455
-0.0035347828938028236
0.0002607400916383451
-0.00020584179072691278
0.0010699149203827751
-0.003460781305167915
0.00022008858654420926
0
0
0
-0.007482605492531658
0.0011910204019849324
0.0012448995314102707
0.000331711635062959
-0.004792850387752123
0.0005413847086943591
0.0003191408201255186
-0.00018037142688021035
0.00031909654328488024
0.0007487832622412594
0.0006928182737737654
-0.002426966860106461
0.0002499028168723161
-0.003323255396254776
0.002114812820363632
-0.00012509468989363448
-0.0011961391172730096
0.0018909116766938627
-0.0002222747046645157
-0.0014320773822615873
-0.0003896573847628204
-0.001309247091484833
0.0018936762460866063
-0.0011692000663827695
0.0009466006609171185
0.0008066872021204041
-0.0028123147721155206
0.0011704382118700174
-0.0002785515338346034
0.0007658300927781969
0.0005983316466342536
-0.0014338117481469403
0.00006965000873448979
-0.0010731483995420898
0.0007109153682884894
-0.001240945787704506
0.0006415799823968893
-0.0011858508473374663
0.00015354229073394343
0.00002791424743375792
0.0004883732384814987
0.0008366567685524906
-0.00008363418412749013
0.0008638827886113809
-0.0007244963674108984
-0.0009342602245483445
-0.00015346945639138632
0.0008228788670663345
0.0008639911351282503
0.0005709392104851219
-0.0007799008807098939
-0.0002229405872571366
-0.00016723806377294537
-0.00207887229814685
-0.0008103954614258058
0.0019271057493084331
0.0013802047403188578
-0.0001253944702683807
0.002296404007017694
0.0009448644544660656
0.0015820372719161924
-0.00467004796049264
0.0007659367432211184
-0.00018098665620858156
-0.00022279778408362816
0.0004594660528463024
0.0006262045945393258
-0.0013781680901185922
-0.0005713131299625029
0.0007106082966454874
0.0003063810847574455
0.00041764116878373336
-0.0003897929970144709
-0.0008636541462889724
0.0005015674086339406
-0.0019798673543010015
-0.001969810850606324
0.00013983080495427735
0.00022368862636601428
-0.0032203441392602006
-0.000028048523948331905
0.0012053766859529969
0.00035012780022247725
-0.000014002758543574245
-0.0012750725085866055
-0.0004207101649533751
-0.0011789309585710228
-0.00002808673182963517
-0.000323054128421596
0.0008144580793696399
-0.0007863622726669295
-0.0006182901664000262
-0.001533321911104224
0.0012943346536105071
0.00023898725749371685
-0.00002811318367945681
-0.0003374198659840122
0.0027943373210603806
0.0003224607992724504
-0.00014018757119971248
-0.0018804119993371948
-0.00005618608833923844
0.00014045930214834357
0
0
0
0
0
0.0010528163808056767
0.000911545132009639
0.0006165746671047412
-0.0017105285776919388
-0.00044914802989581837
0.00047721308469461654
-0.0009686998419990989
0.00032300422292874664
0.0005474644811240825
-0.0005053411862339097
-0.00014041788385221743
-0.0015318350581354778
-0.001604617136470754
-0.00011270145396813369
0.0016469946078221387
0.0010121885221647808
0.0007444291064409025
0.001024439279304401
-0.0004910385563925423
-0.0009125689447320173
0.00033704551837887564
-0.0003651377733460137
-0.0010259077723417942
-0.0023931875995975016
0.000591791030501998
0.0011684629005099811
-0.00001406974371986891
0.00045013364102297615
-0.0001125144160283309
-0.00045018430179855073
-0.000647495201597792
-0.0024671354987517713
-0.0012287876803021014
